50

0 16 4 3.67 6 1.61 7 6.23 8 4.52 44 5.59 39 7.90 12 2.88 48 5.05 40 2.70 20 1.27 21 1.93 22 4.65 24 5.05 26 2.37 28 6.21 31 6.93 
1 9 34 1.89 35 9.59 5 6.88 7 9.48 14 2.72 22 4.38 24 3.83 30 8.97 31 7.21 
2 15 32 1.09 33 9.29 34 5.81 3 8.49 5 4.23 9 2.38 10 7.20 45 8.17 47 3.18 15 8.57 16 6.19 17 2.19 35 3.53 27 3.02 30 2.12 
3 18 2 8.49 36 6.84 49 2.76 38 5.21 39 2.76 8 4.00 41 5.28 11 7.70 44 4.97 13 1.32 47 2.71 48 2.41 17 8.58 18 1.19 23 4.97 24 4.26 26 5.11 31 4.88 
4 12 0 3.67 32 3.13 34 0.36 35 9.03 36 7.19 46 7.88 15 7.28 48 6.12 17 2.91 18 5.88 21 3.11 26 7.04 
5 17 1 6.88 2 4.23 36 2.27 37 8.91 39 9.95 40 0.27 9 1.83 14 1.03 47 1.15 16 6.94 18 8.79 19 3.29 41 6.40 23 5.11 26 8.52 27 0.49 29 9.99 
6 11 0 1.61 32 1.71 35 7.87 7 4.11 10 4.84 39 3.40 47 7.16 18 0.96 19 9.67 42 7.92 30 8.92 
7 19 0 6.23 1 9.48 35 6.11 47 3.04 37 8.37 6 4.11 32 2.46 9 6.54 10 4.27 12 8.24 13 3.09 46 6.66 15 8.69 16 0.80 17 6.43 22 4.10 27 8.05 42 2.88 30 1.06 
8 16 0 4.52 33 2.11 45 4.83 3 4.00 37 1.58 9 6.65 43 6.55 44 6.70 13 2.28 15 4.06 18 9.94 19 8.47 20 5.68 21 0.80 24 3.52 28 3.85 
9 13 32 0.56 2 2.38 43 2.38 5 1.83 7 6.54 8 6.65 41 4.67 11 0.10 13 2.54 15 9.27 49 3.10 28 0.28 31 7.17 
10 15 48 3.00 2 7.20 6 4.84 7 4.27 42 6.65 34 2.57 46 5.20 47 8.74 16 1.07 17 9.04 19 7.90 20 1.74 22 5.00 25 1.99 31 5.71 
11 11 32 4.41 3 7.70 38 3.06 9 0.10 42 4.76 46 3.57 18 9.30 26 2.06 28 7.50 29 2.45 30 9.39 
12 14 0 2.88 34 0.55 7 8.24 40 8.76 44 9.72 13 2.85 15 7.48 49 0.27 21 0.88 23 8.09 25 5.15 47 8.55 28 4.38 31 9.38 
13 18 32 0.09 34 8.65 3 1.32 7 3.09 8 2.28 9 2.54 42 0.72 12 2.85 44 3.90 18 8.09 19 8.92 20 2.25 21 7.04 22 0.60 23 3.22 29 2.46 30 3.85 31 6.61 
14 9 1 2.72 5 1.03 33 3.97 40 8.67 41 9.27 42 6.44 49 5.57 25 9.35 31 8.48 
15 16 2 8.57 35 4.67 4 7.28 49 8.78 7 8.69 8 4.06 9 9.27 39 4.52 12 7.48 45 4.74 47 7.45 40 8.59 43 9.66 23 0.04 25 7.32 36 8.29 
16 12 2 6.19 5 6.94 7 0.80 40 8.54 10 1.07 45 0.67 49 8.12 23 4.27 26 0.24 28 6.77 30 1.81 31 0.43 
17 12 2 2.19 3 8.58 4 2.91 38 3.67 7 6.43 41 7.70 10 9.04 48 1.42 19 7.31 28 7.26 30 0.12 31 6.34 
18 17 32 8.01 3 1.19 4 5.88 5 8.79 6 0.96 39 0.78 8 9.94 11 9.30 13 8.09 47 1.55 48 0.22 49 9.23 20 4.51 23 8.30 25 3.64 28 7.38 29 5.14 
19 20 33 8.49 35 3.49 36 5.63 5 3.29 6 9.67 39 1.22 8 8.47 41 4.79 10 7.90 13 8.92 45 4.41 17 7.31 20 7.67 22 8.05 24 7.87 25 3.51 27 7.10 29 5.94 30 2.48 31 8.60 
20 13 0 1.27 33 6.84 34 5.46 35 1.55 36 5.73 38 9.27 8 5.68 41 6.29 10 1.74 13 2.25 18 4.51 19 7.67 27 0.62 
21 13 0 1.93 32 3.64 4 3.11 37 8.25 8 0.80 47 8.60 12 0.88 13 7.04 45 7.07 48 1.96 40 0.59 22 5.50 27 9.04 
22 14 0 4.65 1 4.38 33 8.13 7 4.10 40 2.24 10 5.00 43 2.55 13 0.60 19 8.05 21 5.50 25 6.24 27 8.35 28 3.25 37 0.78 
23 20 32 0.47 33 7.30 34 3.25 3 4.97 36 6.11 5 5.11 38 0.54 40 4.55 41 1.82 12 8.09 13 3.22 47 6.71 15 0.04 16 4.27 18 8.30 26 4.06 27 4.35 37 6.60 30 9.97 31 2.79 
24 12 0 5.05 1 3.83 3 4.26 38 9.76 8 3.52 43 7.95 46 7.05 47 2.40 49 2.93 19 7.87 26 6.63 30 7.32 
25 18 33 6.80 34 8.86 35 6.53 37 9.79 41 6.74 10 1.99 43 1.96 12 5.15 14 9.35 15 7.32 18 3.64 19 3.51 46 0.09 22 6.24 26 8.54 44 7.86 30 1.33 31 8.35 
26 14 0 2.37 3 5.11 4 7.04 5 8.52 40 2.50 42 4.98 11 2.06 44 0.42 16 0.24 23 4.06 24 6.63 25 8.54 30 7.77 37 1.50 
27 12 33 5.98 2 3.02 5 0.49 38 8.26 7 8.05 48 5.76 49 7.26 19 7.10 20 0.62 21 9.04 22 8.35 23 4.35 
28 11 0 6.21 35 0.44 8 3.85 9 0.28 11 7.50 12 4.38 16 6.77 17 7.26 18 7.38 22 3.25 40 0.97 
29 12 43 8.83 36 7.72 5 9.99 41 6.44 42 0.93 11 2.45 44 2.03 13 2.46 46 6.79 48 6.23 18 5.14 19 5.94 
30 18 32 1.12 1 8.97 2 2.12 6 8.92 7 1.06 41 9.16 11 9.39 44 8.04 13 3.85 47 1.85 16 1.81 17 0.12 19 2.48 23 9.97 24 7.32 25 1.33 26 7.77 39 5.51 
31 19 0 6.93 1 7.21 34 5.80 3 4.88 33 9.00 32 8.96 9 7.17 10 5.71 43 1.52 12 9.38 13 6.61 14 8.48 44 6.76 16 0.43 17 6.34 19 8.60 23 2.79 45 1.00 25 8.35 
32 18 33 7.50 2 1.09 34 6.95 4 3.13 37 7.70 6 1.71 7 2.46 9 0.56 41 0.69 11 4.41 13 0.09 18 8.01 35 8.05 21 3.64 23 0.47 39 0.60 30 1.12 31 8.96 
33 17 32 7.50 2 9.29 35 0.52 39 0.32 8 2.11 45 3.65 14 3.97 47 7.54 40 0.80 19 8.49 20 6.84 46 0.81 22 8.13 23 7.30 25 6.80 27 5.98 31 9.00 
34 15 32 6.95 1 1.89 2 5.81 4 0.36 44 0.42 10 2.57 12 0.55 13 8.65 45 9.37 20 5.46 23 3.25 25 8.86 47 9.97 36 2.46 31 5.80 
35 16 32 8.05 1 9.59 2 3.53 4 9.03 33 0.52 6 7.87 7 6.11 42 5.97 44 3.76 45 7.80 15 4.67 48 6.24 19 3.49 20 1.55 25 6.53 28 0.44 
36 14 34 2.46 3 6.84 4 7.19 5 2.27 38 1.61 40 6.76 44 7.01 46 7.52 15 8.29 49 2.65 19 5.63 20 5.73 23 6.11 29 7.72 
37 15 32 7.70 5 8.91 38 2.23 7 8.37 8 1.58 41 1.82 43 4.45 45 7.38 46 7.71 49 2.94 21 8.25 22 0.78 23 6.60 25 9.79 26 1.50 
38 15 3 5.21 36 1.61 37 2.23 40 8.79 41 2.08 42 4.81 11 3.06 44 6.72 46 7.72 48 2.99 17 3.67 20 9.27 23 0.54 24 9.76 27 8.26 
39 13 0 7.90 32 0.60 3 2.76 5 9.95 6 3.40 33 0.32 43 4.20 15 4.52 48 1.10 49 2.99 18 0.78 19 1.22 30 5.51 
40 19 0 2.70 33 0.80 36 6.76 5 0.27 38 8.79 41 0.84 43 7.01 12 8.76 14 8.67 15 8.59 16 8.54 21 0.59 22 2.24 23 4.55 46 6.32 26 2.50 47 8.10 28 0.97 44 8.24 
41 17 32 0.69 3 5.28 5 6.40 38 2.08 40 0.84 9 4.67 44 1.29 14 9.27 17 7.70 19 4.79 20 6.29 46 1.92 23 1.82 25 6.74 29 6.44 30 9.16 37 1.82 
42 13 35 5.97 38 4.81 6 7.92 7 2.88 10 6.65 11 4.76 13 0.72 14 6.44 45 9.02 49 4.85 43 4.92 26 4.98 29 0.93 
43 14 37 4.45 39 4.20 8 6.55 9 2.38 42 4.92 46 5.91 15 9.66 40 7.01 22 2.55 24 7.95 25 1.96 47 7.62 29 8.83 31 1.52 
44 17 0 5.59 34 0.42 3 4.97 36 7.01 38 6.72 8 6.70 41 1.29 12 9.72 13 3.90 46 9.88 40 8.24 35 3.76 25 7.86 26 0.42 29 2.03 30 8.04 31 6.76 
45 14 33 3.65 2 8.17 35 7.80 37 7.38 8 4.83 42 9.02 34 9.37 15 4.74 16 0.67 49 1.57 19 4.41 21 7.07 47 8.50 31 1.00 
46 15 33 0.81 43 5.91 4 7.88 37 7.71 38 7.72 7 6.66 40 6.32 41 1.92 10 5.20 11 3.57 44 9.88 24 7.05 25 0.09 29 6.79 36 7.52 
47 19 33 7.54 2 3.18 3 2.71 5 1.15 6 7.16 7 3.04 40 8.10 10 8.74 43 7.62 12 8.55 34 9.97 15 7.45 49 0.29 18 1.55 21 8.60 23 6.71 24 2.40 45 8.50 30 1.85 
48 13 0 5.05 3 2.41 4 6.12 49 6.30 38 2.99 39 1.10 10 3.00 17 1.42 18 0.22 35 6.24 21 1.96 27 5.76 29 6.23 
49 16 48 6.30 3 2.76 36 2.65 37 2.94 39 2.99 9 3.10 42 4.85 12 0.27 45 1.57 14 5.57 15 8.78 16 8.12 18 9.23 47 0.29 24 2.93 27 7.26 
