100

0 25 5 6.09 11 5.29 15 4.26 17 1.17 23 7.88 24 2.92 26 9.17 27 7.71 34 2.74 36 4.65 38 2.76 51 0.78 58 9.05 61 8.21 64 9.44 73 0.10 74 8.84 81 5.32 83 6.83 84 7.80 86 0.06 90 9.43 94 3.21 95 3.98 97 0.38 
1 26 2 7.12 4 3.26 5 6.29 7 8.72 11 2.64 16 3.83 24 8.71 35 0.73 39 3.63 46 6.58 47 3.68 49 1.94 53 4.11 58 7.49 60 6.32 61 0.66 63 6.96 65 2.78 69 0.65 73 1.60 76 7.76 80 5.09 81 6.63 82 6.95 87 3.97 98 2.98 
2 29 1 7.12 17 1.79 20 6.22 21 0.12 22 9.70 24 8.98 30 8.99 31 9.32 33 3.10 36 2.36 39 0.48 42 1.72 44 3.54 53 1.21 57 9.68 58 6.92 61 2.83 63 3.14 65 6.33 66 9.27 78 4.96 79 5.22 84 2.68 85 1.37 87 7.23 89 7.94 91 6.68 98 5.06 99 3.83 
3 23 9 8.92 13 7.40 29 0.11 30 5.70 34 8.31 36 6.23 38 9.10 39 4.10 42 6.42 48 8.38 50 6.87 58 0.11 69 1.71 70 0.91 73 5.64 75 1.30 79 0.72 85 1.11 86 5.21 92 4.11 97 4.04 98 4.87 99 6.90 
4 24 1 3.26 8 3.11 14 2.44 19 4.30 20 5.81 22 1.60 27 9.85 29 8.08 44 3.40 48 7.70 49 0.40 53 8.62 59 3.28 60 2.96 62 4.19 64 9.18 67 9.71 75 3.38 81 5.36 83 5.88 84 3.45 85 7.89 89 1.96 96 0.95 
5 23 0 6.09 1 6.29 6 4.09 10 0.38 16 6.32 20 5.87 29 9.67 30 6.78 32 9.48 37 3.13 45 7.63 46 2.72 47 4.46 57 4.56 67 4.13 69 7.97 70 9.18 75 6.76 77 0.52 81 3.24 88 5.58 95 1.95 97 6.54 
6 29 5 4.09 8 5.82 24 2.06 25 0.92 27 7.97 31 1.20 33 6.10 35 1.85 43 9.86 50 9.46 51 9.39 52 6.13 55 4.39 56 9.13 61 7.97 63 2.92 64 4.10 66 5.22 67 7.14 69 4.66 70 6.02 73 7.52 79 3.10 86 2.86 88 3.07 89 0.07 91 5.22 94 1.20 97 6.55 
7 24 1 8.72 8 4.63 10 8.85 14 0.70 18 3.85 26 6.51 34 9.46 35 2.79 37 8.37 45 6.11 47 6.62 48 8.07 51 0.94 54 6.81 62 4.37 64 5.70 67 4.25 74 7.98 75 2.82 76 6.17 83 4.80 85 6.34 88 2.46 90 8.95 
8 25 4 3.11 6 5.82 7 4.63 15 4.01 17 1.65 25 8.75 26 1.53 30 2.77 32 0.82 33 2.08 34 4.18 38 1.52 43 2.27 47 9.95 52 0.13 60 7.78 61 7.31 68 6.43 71 4.06 72 3.74 81 5.95 82 4.76 85 0.07 87 9.89 90 9.78 
9 21 33 6.03 3 8.92 97 6.29 70 0.51 71 8.87 60 2.24 11 2.17 77 4.13 78 2.77 87 6.24 43 9.94 75 0.76 19 3.95 53 8.68 73 9.86 62 0.10 58 0.88 28 8.58 61 2.64 30 6.82 63 5.01 
10 21 64 3.67 96 5.59 49 1.72 68 5.19 5 0.38 7 8.85 40 2.14 73 4.63 42 4.59 75 9.38 50 0.75 46 9.03 77 4.55 48 2.83 17 8.82 18 9.61 52 3.29 90 9.42 26 5.00 58 5.87 62 7.04 
11 26 0 5.29 1 2.64 9 2.17 12 3.10 26 3.86 33 8.82 35 6.93 36 2.30 38 3.53 42 8.92 44 2.69 52 9.53 55 8.37 56 0.17 59 2.25 65 0.44 66 7.06 68 8.00 74 5.01 81 0.09 83 3.10 86 1.66 87 4.07 95 7.26 96 0.99 98 8.29 
12 24 11 3.10 15 7.33 18 7.31 26 3.18 32 2.89 34 6.22 36 2.72 37 1.45 43 1.50 49 9.92 51 8.75 53 2.11 54 5.32 64 1.25 67 3.64 69 5.87 72 7.63 75 9.33 76 7.61 82 7.59 88 7.19 92 6.06 93 9.83 99 7.67 
13 24 3 7.40 15 6.25 19 0.33 23 5.96 28 3.52 33 2.81 34 0.31 35 6.66 36 6.96 41 4.69 42 7.27 43 0.46 45 6.16 46 2.52 50 4.33 54 8.15 57 0.59 59 7.95 61 7.85 64 4.31 67 2.25 75 5.56 77 4.08 85 7.67 
14 29 4 2.44 7 0.70 15 5.41 19 6.21 22 6.32 23 8.30 27 4.99 31 6.22 32 9.92 37 7.30 38 2.22 45 3.40 48 2.79 52 9.36 56 8.61 57 9.81 63 2.48 66 3.56 67 5.82 69 1.96 80 8.12 81 2.02 85 8.53 86 4.50 90 7.69 91 4.59 93 5.43 97 2.07 98 3.59 
15 26 0 4.26 8 4.01 12 7.33 13 6.25 14 5.41 17 9.34 24 7.55 25 9.67 34 0.89 39 9.64 43 3.68 51 9.01 57 0.86 59 2.53 63 2.92 64 3.06 65 6.86 69 8.71 70 6.18 71 6.05 72 5.38 73 8.54 74 6.92 75 8.11 76 0.22 95 5.55 
16 22 1 3.83 5 6.32 17 2.26 21 4.48 22 3.78 26 5.74 28 4.99 29 6.53 32 6.10 35 4.82 62 6.86 71 6.94 73 5.73 75 4.58 76 4.70 78 1.65 79 5.56 81 4.91 82 7.93 84 7.08 95 2.72 96 1.26 
17 28 0 1.17 2 1.79 8 1.65 10 8.82 15 9.34 16 2.26 19 3.87 20 6.29 27 0.36 29 4.96 31 0.55 32 5.76 34 3.80 35 1.28 36 2.06 49 3.69 52 0.90 59 1.38 60 3.46 71 9.29 73 5.48 74 1.30 80 9.04 87 4.89 94 1.30 95 0.19 98 0.51 99 4.52 
18 21 32 4.83 97 9.37 83 4.78 99 3.01 37 10.00 7 3.85 10 9.61 12 7.31 45 8.47 46 9.12 78 9.47 51 4.20 52 4.39 57 0.18 86 1.60 23 8.94 25 7.59 90 2.43 92 3.67 29 8.99 94 1.07 
19 22 4 4.30 9 3.95 13 0.33 14 6.21 17 3.87 22 0.96 24 9.66 29 7.37 32 9.62 41 4.24 42 0.64 43 9.71 47 0.04 55 0.30 63 7.48 65 2.27 67 2.30 69 1.16 71 0.98 75 6.21 90 2.65 98 2.57 
20 23 2 6.22 4 5.81 5 5.87 17 6.29 22 9.36 25 1.44 30 9.41 32 5.30 33 3.49 37 3.27 48 3.87 51 6.11 52 9.01 57 0.94 67 4.99 71 4.38 74 9.03 78 8.97 83 8.44 87 4.38 93 5.90 94 0.46 99 6.01 
21 19 2 0.12 72 7.96 41 2.70 95 3.27 83 5.30 44 7.04 93 7.81 79 9.33 16 4.48 56 6.69 58 3.28 52 0.29 22 9.00 24 3.76 26 2.75 59 6.14 92 0.87 29 3.72 31 1.93 
22 28 2 9.70 4 1.60 14 6.32 16 3.78 19 0.96 20 9.36 21 9.00 29 4.06 37 8.97 38 3.62 39 8.78 42 4.43 43 2.57 47 0.93 50 0.52 51 6.38 52 9.66 57 5.19 63 0.20 69 2.60 70 1.23 78 1.58 79 5.25 86 7.45 87 9.76 89 4.29 94 4.52 97 8.68 
23 21 0 7.88 64 4.98 98 3.86 99 7.58 36 4.10 65 2.82 40 6.24 73 5.43 74 7.57 13 5.96 14 8.30 80 6.45 18 8.94 78 9.56 87 9.16 88 2.27 26 5.42 63 5.45 28 0.85 62 8.53 31 4.52 
24 17 0 2.92 1 8.71 2 8.98 99 3.98 6 2.06 33 0.07 73 4.14 87 5.39 45 9.08 15 7.55 19 9.66 85 0.61 21 3.76 55 2.16 29 4.70 62 3.57 63 6.78 
25 24 6 0.92 8 8.75 15 9.67 18 7.59 20 1.44 26 8.94 28 1.35 33 6.82 35 8.04 45 6.57 46 2.97 47 7.82 48 7.24 52 0.19 53 3.01 56 2.42 59 7.03 60 4.93 65 1.50 68 3.64 75 1.01 76 6.18 80 1.06 96 3.54 
26 31 0 9.17 7 6.51 8 1.53 10 5.00 11 3.86 12 3.18 16 5.74 21 2.75 23 5.42 25 8.94 32 5.97 34 4.68 35 1.17 38 7.90 44 3.93 47 1.15 50 9.20 52 9.05 54 6.60 56 5.06 58 5.93 64 9.63 67 9.36 70 8.23 74 6.46 77 0.91 85 4.26 90 5.73 94 7.52 97 7.82 98 1.04 
27 30 0 7.71 4 9.85 6 7.97 14 4.99 17 0.36 31 6.68 33 0.09 34 8.92 35 7.33 38 7.21 50 9.01 51 0.96 52 9.78 56 2.12 64 4.44 65 7.65 66 9.13 68 7.72 70 4.03 71 9.29 73 6.89 76 1.03 78 4.47 84 1.46 85 4.27 88 8.59 89 8.63 91 4.97 93 7.17 99 5.11 
28 18 32 5.11 48 7.01 36 9.37 69 4.46 68 6.21 9 8.58 13 3.52 45 5.13 16 4.99 51 1.91 84 0.08 86 2.91 23 0.85 25 1.35 58 4.42 47 7.32 94 3.31 63 0.35 
29 29 3 0.11 4 8.08 5 9.67 16 6.53 17 4.96 18 8.99 19 7.37 21 3.72 22 4.06 24 4.70 31 9.13 38 9.00 40 8.49 51 5.80 54 7.63 59 9.97 60 8.87 63 5.75 71 1.88 73 1.12 74 1.59 75 0.28 76 2.82 77 5.21 89 6.51 94 2.46 95 9.68 96 0.87 99 6.32 
30 21 64 0.49 96 8.75 2 8.99 3 5.70 36 4.10 5 6.78 38 4.89 8 2.77 9 6.82 66 6.36 48 4.95 81 3.38 20 9.41 86 6.69 41 10.00 84 5.88 59 9.12 70 2.66 61 0.79 69 9.14 37 6.32 
31 25 2 9.32 6 1.20 14 6.22 17 0.55 21 1.93 23 4.52 27 6.68 29 9.13 32 2.79 34 8.28 36 2.90 43 5.22 48 2.36 51 0.02 59 8.30 66 5.00 68 1.03 69 5.31 70 1.63 72 6.28 77 5.24 79 7.38 84 1.41 96 5.48 97 6.13 
32 32 5 9.48 8 0.82 12 2.89 14 9.92 16 6.10 17 5.76 18 4.83 19 9.62 20 5.30 26 5.97 28 5.11 31 2.79 43 6.60 44 5.50 48 7.40 49 7.03 50 8.43 54 6.47 55 3.19 56 1.21 64 8.16 66 2.59 69 2.05 76 6.36 77 2.74 78 5.87 82 8.63 86 6.74 88 2.04 93 3.19 96 7.99 97 3.16 
33 29 2 3.10 6 6.10 8 2.08 9 6.03 11 8.82 13 2.81 20 3.49 24 0.07 25 6.82 27 0.09 34 9.61 36 7.21 39 8.28 44 1.08 46 0.89 51 9.94 52 1.36 54 5.80 63 1.12 71 7.27 72 1.85 74 1.55 77 9.10 83 1.08 84 4.01 85 9.20 87 4.20 89 8.42 90 7.29 
34 23 0 2.74 3 8.31 7 9.46 8 4.18 12 6.22 13 0.31 15 0.89 17 3.80 26 4.68 27 8.92 31 8.28 33 9.61 46 8.09 48 0.91 49 2.05 56 6.69 59 6.64 69 5.57 71 6.29 80 7.15 86 1.64 88 6.65 94 9.19 
35 17 1 0.73 87 4.68 38 1.38 6 1.85 7 2.79 41 2.87 11 6.93 13 6.66 77 9.73 16 4.82 17 1.28 52 3.84 57 6.16 88 1.69 25 8.04 26 1.17 27 7.33 
36 28 0 4.65 2 2.36 3 6.23 11 2.30 12 2.72 13 6.96 17 2.06 23 4.10 28 9.37 30 4.10 31 2.90 33 7.21 38 8.49 42 5.90 43 7.98 49 0.11 55 8.98 62 0.46 74 7.16 77 9.15 85 1.08 86 5.17 88 6.72 91 1.90 95 0.14 96 6.19 97 7.75 98 0.56 
37 19 97 7.39 67 7.95 5 3.13 70 6.50 7 8.37 72 8.80 76 5.15 12 1.45 14 7.30 81 4.88 18 10.00 20 3.27 78 2.54 22 8.97 84 9.55 59 2.91 60 4.65 94 9.74 30 6.32 
38 34 0 2.76 3 9.10 8 1.52 11 3.53 14 2.22 22 3.62 26 7.90 27 7.21 29 9.00 30 4.89 35 1.38 36 8.49 39 9.33 40 1.45 45 2.01 50 8.46 51 1.95 54 9.20 56 6.75 58 3.87 60 2.23 62 7.76 63 5.02 64 1.07 66 7.47 67 0.95 68 9.45 77 8.37 78 1.25 79 4.71 80 7.87 84 1.64 94 1.96 98 6.91 
39 16 1 3.63 2 0.48 3 4.10 68 7.85 38 9.33 33 8.28 76 0.47 93 4.69 15 9.64 48 2.21 22 8.78 87 9.34 88 4.35 91 4.17 61 3.93 94 6.22 
40 16 68 2.76 38 1.45 72 7.74 41 3.68 10 2.14 43 7.32 44 8.77 80 6.19 88 8.46 52 9.64 53 7.86 23 6.24 56 2.42 29 8.49 94 9.33 95 9.22 
41 24 13 4.69 19 4.24 21 2.70 30 10.00 35 2.87 40 3.68 43 8.41 44 8.81 48 1.07 49 3.85 51 7.33 52 4.63 53 3.44 54 9.40 61 0.98 67 1.80 84 2.98 87 3.09 88 7.30 89 5.34 93 0.08 94 3.93 98 5.14 99 2.59 
42 23 2 1.72 3 6.42 10 4.59 11 8.92 13 7.27 19 0.64 22 4.43 36 5.90 47 3.82 50 7.43 53 2.62 54 2.42 65 8.52 66 8.69 70 4.89 71 5.21 78 0.51 88 4.84 90 0.21 92 9.31 94 9.35 96 9.39 99 0.72 
43 26 6 9.86 8 2.27 9 9.94 12 1.50 13 0.46 15 3.68 19 9.71 22 2.57 31 5.22 32 6.60 36 7.98 40 7.32 41 8.41 44 8.82 52 0.89 56 9.31 57 5.19 59 7.63 65 2.94 74 1.33 77 7.13 83 0.46 86 5.06 89 1.16 94 2.55 96 7.65 
44 28 2 3.54 4 3.40 11 2.69 21 7.04 26 3.93 32 5.50 33 1.08 40 8.77 41 8.81 43 8.82 51 6.20 55 0.56 58 9.12 59 5.24 62 0.75 63 1.06 65 6.27 69 8.83 73 8.43 76 2.09 79 6.68 82 6.90 84 9.05 88 0.92 89 5.03 91 9.25 94 5.95 95 0.41 
45 24 5 7.63 7 6.11 13 6.16 14 3.40 18 8.47 24 9.08 25 6.57 28 5.13 38 2.01 47 5.23 55 5.29 56 4.61 58 6.56 59 3.24 62 4.99 64 8.35 68 2.34 72 9.01 77 9.96 85 5.73 89 7.21 91 4.74 93 1.37 96 5.72 
46 21 1 6.58 34 8.09 50 3.49 66 3.29 5 2.72 33 0.89 10 9.03 71 2.10 13 2.52 79 0.26 18 9.12 95 5.62 90 3.82 85 3.65 54 4.53 25 2.97 58 4.74 59 4.85 61 2.94 62 7.15 63 0.32 
47 22 1 3.68 5 4.46 7 6.62 8 9.95 19 0.04 22 0.93 25 7.82 26 1.15 28 7.32 42 3.82 45 5.23 52 4.55 53 3.41 61 1.14 69 1.80 71 0.72 74 5.49 83 6.77 88 6.84 89 7.55 92 0.19 97 8.25 
48 30 3 8.38 4 7.70 7 8.07 10 2.83 14 2.79 20 3.87 25 7.24 28 7.01 30 4.95 31 2.36 32 7.40 34 0.91 39 2.21 41 1.07 54 7.33 60 0.55 61 5.73 64 5.53 67 0.78 68 5.99 71 7.21 73 4.57 74 8.72 79 1.68 82 6.91 85 6.50 87 7.41 91 4.70 94 5.83 96 2.01 
49 22 1 1.94 4 0.40 10 1.72 12 9.92 17 3.69 32 7.03 34 2.05 36 0.11 41 3.85 51 1.12 53 2.52 57 8.20 63 0.91 65 9.53 71 7.10 77 7.64 80 1.97 82 0.11 84 8.45 92 7.36 96 1.60 99 9.14 
50 25 3 6.87 6 9.46 10 0.75 13 4.33 22 0.52 26 9.20 27 9.01 32 8.43 38 8.46 42 7.43 46 3.49 51 4.09 52 7.90 54 0.99 55 6.81 64 7.27 65 7.14 67 9.48 77 0.86 78 7.58 79 0.77 82 7.79 84 8.30 94 5.53 98 8.84 
51 34 0 0.78 6 9.39 7 0.94 12 8.75 15 9.01 18 4.20 20 6.11 22 6.38 27 0.96 28 1.91 29 5.80 31 0.02 33 9.94 38 1.95 41 7.33 44 6.20 49 1.12 50 4.09 57 1.69 58 5.28 70 9.19 71 6.83 73 7.29 74 3.26 75 3.57 76 5.12 81 6.49 83 0.91 84 9.62 86 4.86 91 1.99 95 9.76 96 9.05 97 0.58 
52 33 6 6.13 8 0.13 10 3.29 11 9.53 14 9.36 17 0.90 18 4.39 20 9.01 21 0.29 22 9.66 25 0.19 26 9.05 27 9.78 33 1.36 35 3.84 40 9.64 41 4.63 43 0.89 47 4.55 50 7.90 54 0.12 59 3.78 61 9.84 63 0.30 68 1.75 69 6.16 71 1.35 75 7.26 77 0.39 83 9.98 85 4.64 89 3.44 96 9.87 
53 25 1 4.11 2 1.21 4 8.62 9 8.68 12 2.11 25 3.01 40 7.86 41 3.44 42 2.62 47 3.41 49 2.52 58 3.79 59 5.66 60 0.55 63 8.06 65 0.41 68 2.94 75 3.49 78 0.20 83 2.62 86 1.26 89 8.39 93 2.23 94 1.14 95 6.07 
54 24 7 6.81 12 5.32 13 8.15 26 6.60 29 7.63 32 6.47 33 5.80 38 9.20 41 9.40 42 2.42 46 4.53 48 7.33 50 0.99 52 0.12 59 4.54 64 1.00 69 5.00 70 1.48 85 3.06 86 1.66 90 0.91 92 3.70 94 6.03 98 6.13 
55 18 32 3.19 65 7.96 66 3.76 36 8.98 70 0.53 6 4.39 96 7.85 11 8.37 44 0.56 45 5.29 50 6.81 19 0.30 82 9.08 87 3.11 24 2.16 91 3.04 92 5.07 85 5.23 
56 23 6 9.13 11 0.17 14 8.61 21 6.69 25 2.42 26 5.06 27 2.12 32 1.21 34 6.69 38 6.75 40 2.42 43 9.31 45 4.61 61 6.57 69 2.40 71 3.05 74 0.54 78 9.67 88 9.91 92 9.70 93 6.61 96 0.27 99 3.34 
57 22 2 9.68 5 4.56 13 0.59 14 9.81 15 0.86 18 0.18 20 0.94 22 5.19 35 6.16 43 5.19 49 8.20 51 1.69 63 1.37 65 0.97 67 3.90 69 3.74 70 4.79 76 4.83 83 3.11 84 6.22 92 8.22 97 1.71 
58 24 0 9.05 1 7.49 2 6.92 3 0.11 9 0.88 10 5.87 21 3.28 26 5.93 28 4.42 38 3.87 44 9.12 45 6.56 46 4.74 51 5.28 53 3.79 76 9.77 78 7.99 83 1.94 84 8.27 87 1.92 88 1.42 91 0.86 92 9.55 96 5.56 
59 29 4 3.28 11 2.25 13 7.95 15 2.53 17 1.38 21 6.14 25 7.03 29 9.97 30 9.12 31 8.30 34 6.64 37 2.91 43 7.63 44 5.24 45 3.24 46 4.85 52 3.78 53 5.66 54 4.54 60 8.41 64 3.12 71 8.06 72 9.46 73 6.78 80 9.37 84 2.51 85 0.38 88 2.35 92 0.23 
60 23 1 6.32 4 2.96 8 7.78 9 2.24 17 3.46 25 4.93 29 8.87 37 4.65 38 2.23 48 0.55 53 0.55 59 8.41 64 7.67 65 8.31 73 4.88 74 1.26 75 9.98 76 1.37 87 7.15 88 2.99 91 6.10 96 4.56 98 2.58 
61 21 0 8.21 1 0.66 2 2.83 75 2.74 66 5.86 6 7.97 39 3.93 8 7.31 9 2.64 71 0.11 76 5.42 13 7.85 46 2.94 47 1.14 48 5.73 52 9.84 41 0.98 56 6.57 89 9.47 90 5.89 30 0.79 
62 23 4 4.19 7 4.37 9 0.10 10 7.04 16 6.86 23 8.53 24 3.57 36 0.46 38 7.76 44 0.75 45 4.99 46 7.15 67 6.89 68 4.58 71 2.12 72 7.68 76 4.00 82 8.38 85 1.09 91 5.85 92 8.61 95 5.42 98 9.66 
63 27 1 6.96 2 3.14 6 2.92 9 5.01 14 2.48 15 2.92 19 7.48 22 0.20 23 5.45 24 6.78 28 0.35 29 5.75 33 1.12 38 5.02 44 1.06 46 0.32 49 0.91 52 0.30 53 8.06 57 1.37 64 8.17 75 1.99 78 1.48 79 3.44 82 5.91 88 9.85 91 4.58 
64 26 0 9.44 4 9.18 6 4.10 7 5.70 10 3.67 12 1.25 13 4.31 15 3.06 23 4.98 26 9.63 27 4.44 30 0.49 32 8.16 38 1.07 45 8.35 48 5.53 50 7.27 54 1.00 59 3.12 60 7.67 63 8.17 65 8.46 67 5.25 68 1.49 94 5.59 95 7.41 
65 26 1 2.78 2 6.33 11 0.44 15 6.86 19 2.27 23 2.82 25 1.50 27 7.65 42 8.52 43 2.94 44 6.27 49 9.53 50 7.14 53 0.41 55 7.96 57 0.97 60 8.31 64 8.46 69 6.19 72 9.06 73 9.49 83 5.15 90 6.11 93 4.92 94 1.76 97 8.32 
66 18 32 2.59 2 9.27 75 0.20 38 7.47 6 5.22 73 9.74 42 8.69 11 7.06 14 3.56 91 0.75 46 3.29 55 3.76 88 8.76 89 6.05 27 9.13 61 5.86 30 6.36 31 5.00 
67 28 4 9.71 5 4.13 6 7.14 7 4.25 12 3.64 13 2.25 14 5.82 19 2.30 20 4.99 26 9.36 37 7.95 38 0.95 41 1.80 48 0.78 50 9.48 57 3.90 62 6.89 64 5.25 68 8.18 69 6.63 74 3.59 75 0.47 78 7.42 83 5.15 84 3.34 88 8.94 97 3.28 98 4.96 
68 28 8 6.43 10 5.19 11 8.00 25 3.64 27 7.72 28 6.21 31 1.03 38 9.45 39 7.85 40 2.76 45 2.34 48 5.99 52 1.75 53 2.94 62 4.58 64 1.49 67 8.18 78 0.05 79 4.94 82 8.99 83 4.54 84 5.15 86 6.42 87 4.62 88 0.06 93 3.78 97 4.51 99 6.21 
69 30 1 0.65 3 1.71 5 7.97 6 4.66 12 5.87 14 1.96 15 8.71 19 1.16 22 2.60 28 4.46 30 9.14 31 5.31 32 2.05 34 5.57 44 8.83 47 1.80 52 6.16 54 5.00 56 2.40 57 3.74 65 6.19 67 6.63 72 0.93 78 3.57 84 1.19 85 1.40 87 4.39 88 3.86 93 2.37 96 5.53 
70 25 3 0.91 5 9.18 6 6.02 9 0.51 15 6.18 22 1.23 26 8.23 27 4.03 30 2.66 31 1.63 37 6.50 42 4.89 51 9.19 54 1.48 55 0.53 57 4.79 71 9.29 75 9.82 77 7.76 79 3.03 83 3.70 84 6.97 90 7.64 91 4.84 98 2.65 
71 29 8 4.06 9 8.87 15 6.05 16 6.94 17 9.29 19 0.98 20 4.38 27 9.29 29 1.88 33 7.27 34 6.29 42 5.21 46 2.10 47 0.72 48 7.21 49 7.10 51 6.83 52 1.35 56 3.05 59 8.06 61 0.11 62 2.12 70 9.29 74 6.35 81 9.58 82 1.48 95 8.04 96 3.45 98 0.37 
72 20 33 1.85 37 8.80 81 4.23 65 9.06 8 3.74 76 8.38 87 4.24 12 7.63 45 9.01 78 6.68 15 5.38 40 7.74 21 7.96 86 3.51 69 0.93 88 6.98 59 9.46 93 8.48 62 7.68 31 6.28 
73 24 0 0.10 1 1.60 3 5.64 6 7.52 9 9.86 10 4.63 15 8.54 16 5.73 17 5.48 23 5.43 24 4.14 27 6.89 29 1.12 44 8.43 48 4.57 51 7.29 59 6.78 60 4.88 65 9.49 66 9.74 78 9.97 83 2.52 88 4.74 89 5.07 
74 23 0 8.84 7 7.98 11 5.01 15 6.92 17 1.30 20 9.03 23 7.57 26 6.46 29 1.59 33 1.55 36 7.16 43 1.33 47 5.49 48 8.72 51 3.26 56 0.54 60 1.26 67 3.59 71 6.35 78 3.78 86 5.80 87 3.63 88 8.79 
75 30 3 1.30 4 3.38 5 6.76 7 2.82 9 0.76 10 9.38 12 9.33 13 5.56 15 8.11 16 4.58 19 6.21 25 1.01 29 0.28 51 3.57 52 7.26 53 3.49 60 9.98 61 2.74 63 1.99 66 0.20 67 0.47 70 9.82 77 0.87 82 3.57 83 7.69 84 2.69 87 8.22 90 6.12 95 0.05 99 8.24 
76 26 1 7.76 7 6.17 12 7.61 15 0.22 16 4.70 25 6.18 27 1.03 29 2.82 32 6.36 37 5.15 39 0.47 44 2.09 51 5.12 57 4.83 58 9.77 60 1.37 61 5.42 62 4.00 72 8.38 77 6.51 80 3.08 81 1.34 89 1.52 90 5.07 92 7.33 94 0.33 
77 26 5 0.52 9 4.13 10 4.55 13 4.08 26 0.91 29 5.21 31 5.24 32 2.74 33 9.10 35 9.73 36 9.15 38 8.37 43 7.13 45 9.96 49 7.64 50 0.86 52 0.39 70 7.76 75 0.87 76 6.51 81 8.54 82 7.92 84 9.98 85 2.49 90 1.74 96 5.41 
78 25 2 4.96 9 2.77 16 1.65 18 9.47 20 8.97 22 1.58 23 9.56 27 4.47 32 5.87 37 2.54 38 1.25 42 0.51 50 7.58 53 0.20 56 9.67 58 7.99 63 1.48 67 7.42 68 0.05 69 3.57 72 6.68 73 9.97 74 3.78 92 5.93 97 4.92 
79 17 48 1.68 2 5.22 3 0.72 68 4.94 38 4.71 6 3.10 80 1.60 44 6.68 46 0.26 16 5.56 50 0.77 21 9.33 22 5.25 63 3.44 70 3.03 85 6.10 31 7.38 
80 15 1 5.09 34 7.15 38 7.87 49 1.97 40 6.19 87 2.08 76 3.08 14 8.12 79 1.60 17 9.04 83 6.14 23 6.45 25 1.06 59 9.37 94 9.66 
81 20 0 5.32 1 6.63 83 4.98 4 5.36 5 3.24 71 9.58 8 5.95 96 9.46 11 0.09 76 1.34 77 8.54 14 2.02 16 4.91 72 4.23 51 6.49 87 5.11 88 5.02 93 3.72 30 3.38 37 4.88 
82 18 32 8.63 1 6.95 75 3.57 68 8.99 48 6.91 8 4.76 44 6.90 71 1.48 12 7.59 77 7.92 16 7.93 49 0.11 50 7.79 55 9.08 88 9.48 92 3.70 62 8.38 63 5.91 
83 29 0 6.83 4 5.88 7 4.80 11 3.10 18 4.78 20 8.44 21 5.30 33 1.08 43 0.46 47 6.77 51 0.91 52 9.98 53 2.62 57 3.11 58 1.94 65 5.15 67 5.15 68 4.54 70 3.70 73 2.52 75 7.69 80 6.14 81 4.98 86 9.31 87 9.75 88 8.48 90 7.47 97 9.22 98 1.98 
84 28 0 7.80 2 2.68 4 3.45 16 7.08 27 1.46 28 0.08 30 5.88 31 1.41 33 4.01 37 9.55 38 1.64 41 2.98 44 9.05 49 8.45 50 8.30 51 9.62 57 6.22 58 8.27 59 2.51 67 3.34 68 5.15 69 1.19 70 6.97 75 2.69 77 9.98 87 7.30 88 8.09 92 0.12 
85 27 2 1.37 3 1.11 4 7.89 7 6.34 8 0.07 13 7.67 14 8.53 24 0.61 26 4.26 27 4.27 33 9.20 36 1.08 45 5.73 46 3.65 48 6.50 52 4.64 54 3.06 55 5.23 59 0.38 62 1.09 69 1.40 77 2.49 79 6.10 87 4.17 90 2.67 92 8.25 96 6.76 
86 24 0 0.06 3 5.21 6 2.86 11 1.66 14 4.50 18 1.60 22 7.45 28 2.91 30 6.69 32 6.74 34 1.64 36 5.17 43 5.06 51 4.86 53 1.26 54 1.66 68 6.42 72 3.51 74 5.80 83 9.31 89 0.88 90 0.53 95 5.17 98 2.93 
87 31 1 3.97 2 7.23 8 9.89 9 6.24 11 4.07 17 4.89 20 4.38 22 9.76 23 9.16 24 5.39 33 4.20 35 4.68 39 9.34 41 3.09 48 7.41 55 3.11 58 1.92 60 7.15 68 4.62 69 4.39 72 4.24 74 3.63 75 8.22 80 2.08 81 5.11 83 9.75 84 7.30 85 4.17 92 7.13 93 5.19 97 5.03 
88 34 5 5.58 6 3.07 7 2.46 12 7.19 23 2.27 27 8.59 32 2.04 34 6.65 35 1.69 36 6.72 39 4.35 40 8.46 41 7.30 42 4.84 44 0.92 47 6.84 56 9.91 58 1.42 59 2.35 60 2.99 63 9.85 66 8.76 67 8.94 68 0.06 69 3.86 72 6.98 73 4.74 74 8.79 81 5.02 82 9.48 83 8.48 84 8.09 90 8.52 91 1.91 
89 22 2 7.94 4 1.96 6 0.07 22 4.29 27 8.63 29 6.51 33 8.42 41 5.34 43 1.16 44 5.03 45 7.21 47 7.55 52 3.44 53 8.39 61 9.47 66 6.05 73 5.07 76 1.52 86 0.88 90 1.92 91 8.08 99 2.03 
90 26 0 9.43 7 8.95 8 9.78 10 9.42 14 7.69 18 2.43 19 2.65 26 5.73 33 7.29 42 0.21 46 3.82 54 0.91 61 5.89 65 6.11 70 7.64 75 6.12 76 5.07 77 1.74 83 7.47 85 2.67 86 0.53 88 8.52 89 1.92 94 5.22 95 9.93 98 6.33 
91 21 96 6.78 2 6.68 36 1.90 70 4.84 6 5.22 39 4.17 44 9.25 45 4.74 14 4.59 48 4.70 51 1.99 66 0.75 55 3.04 88 1.91 89 8.08 58 0.86 27 4.97 60 6.10 94 7.49 62 5.85 63 4.58 
92 20 3 4.11 76 7.33 42 9.31 87 7.13 12 6.06 82 3.70 78 5.93 47 0.19 49 7.36 18 3.67 84 0.12 21 0.87 54 3.70 55 5.07 56 9.70 57 8.22 58 9.55 59 0.23 62 8.61 85 8.25 
93 18 32 3.19 65 4.92 98 4.26 68 3.78 69 2.37 39 4.69 72 8.48 41 0.08 12 9.83 45 1.37 14 5.43 81 3.72 20 5.90 21 7.81 87 5.19 56 6.61 27 7.17 53 2.23 
94 29 0 3.21 6 1.20 17 1.30 18 1.07 20 0.46 22 4.52 26 7.52 28 3.31 29 2.46 34 9.19 37 9.74 38 1.96 39 6.22 40 9.33 41 3.93 42 9.35 43 2.55 44 5.95 48 5.83 50 5.53 53 1.14 54 6.03 64 5.59 65 1.76 76 0.33 80 9.66 90 5.22 91 7.49 96 7.83 
95 20 0 3.98 64 7.41 75 0.05 36 0.14 5 1.95 71 8.04 40 9.22 11 7.26 44 0.41 46 5.62 15 5.55 16 2.72 17 0.19 51 9.76 21 3.27 86 5.17 90 9.93 29 9.68 62 5.42 53 6.07 
96 29 4 0.95 10 5.59 11 0.99 16 1.26 25 3.54 29 0.87 30 8.75 31 5.48 32 7.99 36 6.19 42 9.39 43 7.65 45 5.72 48 2.01 49 1.60 51 9.05 52 9.87 55 7.85 56 0.27 58 5.56 60 4.56 69 5.53 71 3.45 77 5.41 81 9.46 85 6.76 91 6.78 94 7.83 98 7.72 
97 23 0 0.38 3 4.04 5 6.54 6 6.55 9 6.29 14 2.07 18 9.37 22 8.68 26 7.82 31 6.13 32 3.16 36 7.75 37 7.39 47 8.25 51 0.58 57 1.71 65 8.32 67 3.28 68 4.51 78 4.92 83 9.22 87 5.03 99 6.57 
98 25 1 2.98 2 5.06 3 4.87 11 8.29 14 3.59 17 0.51 19 2.57 23 3.86 26 1.04 36 0.56 38 6.91 41 5.14 50 8.84 54 6.13 60 2.58 62 9.66 67 4.96 70 2.65 71 0.37 83 1.98 86 2.93 90 6.33 93 4.26 96 7.72 99 1.03 
99 19 97 6.57 2 3.83 3 6.90 68 6.21 56 3.34 49 9.14 41 2.59 42 0.72 75 8.24 12 7.67 98 1.03 17 4.52 18 3.01 20 6.01 23 7.58 24 3.98 89 2.03 27 5.11 29 6.32 
